# FemModel: lowerlimb/models/mech_femur/models/0, numNodes=13145
392 393 394 510 739 740 741 835 836 837 
887 888 889 1071 1286 1295 1296 1297 1305 1438 
1439 1440 1466 1516 1517 1519 1520 1521 1522 1525 
1526 1527 1528 1529 1530 1531 1532 1533 1534 1535 
1540 1541 1542 1543 1548 1549 1551 1552 1554 1555 
1556 1557 1558 1559 1560 1561 1562 1563 1564 1565 
1566 1655 4551 4552 4553 4554 4555 4560 4561 4562 
4563 4564 4567 4568 4569 4570 5232 5233 5234 5235 
5293 5295 5296 6490 6491 6492 6497 6501 6504 6505 
6506 6507 7021 7022 7023 7024 7025 7026 7027 7029 
7030 7031 7032 7033 7037 7038 7039 7040 7299 7300 
7301 7302 7303 7305 7306 7307 7310 7311 7312 8296 
8297 8298 8299 9398 9399 9400 9445 9446 9447 9448 
9451 9452 9455 9456 9457 9458 9493 9494 10147 10148 
10149 10154 10155 10156 10160 10161 10162 10163 10280 10281 
10282 10306 10307 10308 10411 10412 10416 10483 10484 10502 
10503 10507 10508 10509 10515 10518 10519 10520 10522 10526 
10527 10542 10543 10544 10547 10548 10551 10552 10553 10554 
10556 10557 10558 10562 10563 10564 10565 10566 10570 10571 
10574 10575 10576 10577 10578 10579 10582 10583 10584 10586 
10587 10589 10590 10603 10614 10615 10620 10621 10626 10627 
10628 10648 10650 10657 10658 10659 10662 10663 10665 10670 
10671 10672 10673 10676 10677 10678 10680 10684 10685 10686 
10689 10690 10694 10695 10698 10706 10707 10711 10712 
